141 0 GH950818-000089 0
143 0 GH950818-000042 0
143 0 GH950818-000140 1
143 0 GH950818-000168 1
147 0 GH950818-000055 0
149 0 GH950818-000079 0
154 0 GH950818-000075 0
156 0 GH950818-000086 1
159 0 GH950818-000055 0
160 0 GH950818-000003 0
160 0 GH950818-000055 0
166 0 GH950818-000108 0
167 0 GH950818-000140 0
177 0 GH950818-000050 0
178 0 GH950818-000087 0
181 0 GH950818-000139 0
184 0 GH950818-000000 0
185 0 GH950818-000124 0
195 0 GH950818-000170 0
195 0 GH950818-000176 0
197 0 GH950818-000124 0
